x <- list(
  list(
    bb = '-87.7152 37.8206,-87.7152 37.9503,-87.4826 37.9503,-87.4826 37.8206,-87.7152 37.8206',
    caption = 'Evansville, IN',
    url = 'https://casoilresource.lawr.ucdavis.edu/gmap/?loc=37.88549,-87.59889,z13'
  ),
  list(
    bb = '-98.5020 37.9187,-98.5020 38.2026,-98.0846 38.2026,-98.0846 37.9187,-98.5020 37.9187',
    caption = 'KS155',
    url = ''
  ),
  list(
    bb = '-97.0893 39.0262,-97.0893 39.3938,-96.0347 39.3938,-96.0347 39.0262,-97.0893 39.0262',
    caption = 'Manhattan, KS',
    url = 'https://casoilresource.lawr.ucdavis.edu/gmap/?loc=39.17325,-96.51421,z11'
  ),
  list(
    bb = '-97.4697 30.9909,-97.4697 31.1322,-97.2391 31.1322,-97.2391 30.9909,-97.4697 30.9909',
    caption = 'Blacklands, TX',
    url = ''
  ),
  list(
    bb = '-96.8927 40.8209,-96.8927 40.8833,-96.7774 40.8833,-96.7774 40.8209,-96.8927 40.8209',
    caption = 'Pawnee Lake, NE',
    url = ''
  ),
  list(
    bb = '-76.7537 36.6033,-76.7537 36.7356,-76.5232 36.7356,-76.5232 36.6033,-76.7537 36.6033',
    caption = 'VA800',
    url = ''
  ),
  list(
    bb = '-77.7619 37.0396,-77.7619 37.1711,-77.5314 37.1711,-77.5314 37.0396,-77.7619 37.0396',
    caption = 'VA653',
    url = ''
  ),
  list(
    bb = '-77.2112 36.8763,-77.2112 37.4023,-76.2891 37.4023,-76.2891 36.8763,-77.2112 36.8763',
    caption = 'Newport News, VA',
    url = 'https://casoilresource.lawr.ucdavis.edu/gmap/?loc=37.14144,-76.75289,z11'
  ),
  list(
    bb = '-95.1268 44.6068,-95.1268 44.8413,-94.6658 44.8413,-94.6658 44.6068,-95.1268 44.6068',
    caption = 'Renville County, MN',
    url = ''
  ),
  list(
    bb = '-78.6197 37.0657,-78.6197 37.1972,-78.3892 37.1972,-78.3892 37.0657,-78.6197 37.0657',
    caption = 'VA037-VA147',
    url = ''
  ),
  list(
    bb = '-78.6990 39.5652,-78.6990 39.6923,-78.4482 39.6923,-78.4482 39.5652,-78.6990 39.5652',
    caption = 'MD001',
    url = 'https://casoilresource.lawr.ucdavis.edu/gmap/?loc=39.62949,-78.56873,z12'
  ),
  list(
    bb = '-78.5514 39.5182,-78.5514 39.6454,-78.3006 39.6454,-78.3006 39.5182,-78.5514 39.5182',
    caption = 'MA-WV, Potomac River',
    url = 'https://casoilresource.lawr.ucdavis.edu/gmap/?loc=39.5818,-78.426,z11'
  ),
  list(
    bb = '-82.8417 42.9094,-82.8417 43.1291,-82.3401 43.1291,-82.3401 42.9094,-82.8417 42.9094',
    caption = 'MI147',
    url = ''
  ),
  list(
    bb = '-89.9464 44.9456,-89.9464 45.1578,-89.4448 45.1578,-89.4448 44.9456,-89.9464 44.9456',
    caption = 'WI073',
    url = ''
  ),
  list(
    bb = '-122.1755 39.3733,-122.1755 39.5007,-121.8804 39.5007,-121.8804 39.3733,-122.1755 39.3733',
    caption = 'Sacramento River, Glenn County',
    url = 'https://casoilresource.lawr.ucdavis.edu/soil-properties/?prop=texture_025&lat=39.4129&lon=-122.0746&z=9'
  ),
  list(
    bb = '-79.9019 38.6567,-79.9019 38.7876,-79.5919 38.7876,-79.5919 38.6567,-79.9019 38.6567',
    caption = 'WV',
    url = ''
  ),
  list(
    bb = '-81.0511 27.3155,-81.0511 27.4620,-80.7560 27.4620,-80.7560 27.3155,-81.0511 27.3155',
    caption = 'FL',
    url = ''
  ),
  list(
    bb = '-89.2633 37.9833,-89.2633 38.0151,-89.1809 38.0151,-89.1809 37.9833,-89.2633 37.9833',
    caption = 'southern IL',
    url = ''
  ),
  list(
    bb = '-119.8402 38.9222,-119.8402 38.9863,-119.6911 38.9863,-119.6911 38.9222,-119.8402 38.9222',
    caption = 'Minden, NV',
    url = ''
  ),
  list(
    bb = '-76.9845 38.9764,-76.9845 39.0084,-76.9100 39.0084,-76.9100 38.9764,-76.9845 38.9764',
    caption = 'College Park, MD',
    url = ''
  ),
  list(
    bb = '-77.2527 38.9417,-77.2527 39.0058,-77.1036 39.0058,-77.1036 38.9417,-77.2527 38.9417',
    caption = 'College Park 2, MD',
    url = ''
  ),
  list(
    bb = '-97.4535 30.8660,-97.4535 31.1488,-96.9279 31.1488,-96.9279 30.8660,-97.4535 30.8660',
    caption = 'TX027',
    url = ''
  ),
  list(
    bb = '-96.7651 30.8599,-96.7651 30.9307,-96.6337 30.9307,-96.6337 30.8599,-96.7651 30.8599',
    caption = 'TX027 Zoom',
    url = ''
  ),
  list(
    bb = '-121.0269 38.0948,-121.0269 38.2246,-120.7641 38.2246,-120.7641 38.0948,-121.0269 38.0948',
    caption = 'Valley Springs, CA',
    url = ''
  ),
  list(
    bb = '-71.8018 41.3583,-71.8018 41.6054,-71.2762 41.6054,-71.2762 41.3583,-71.8018 41.3583',
    caption = 'RI600',
    url = ''
  ),
  list(
    bb = '-122.1354 39.5018,-122.1354 39.6290,-121.8725 39.6290,-121.8725 39.5018,-122.1354 39.5018',
    caption = 'Sacramento River, Glenn - Butte co. boundary',
    url = ''
  ),
  list(
    bb = '-121.9556 39.6609,-121.9556 39.7878,-121.6928 39.7878,-121.6928 39.6609,-121.9556 39.6609',
    caption = 'Chico, CA',
    url = ''
  ),
  list(
    bb = '-119.5323 36.6515,-119.5323 36.7837,-119.2695 36.7837,-119.2695 36.6515,-119.5323 36.6515',
    caption = 'Gabbro, vertisols near Sanger, CA',
    url = ''
  ),
  list(
    bb = '-119.7997 36.6051,-119.7997 36.8695,-119.2741 36.8695,-119.2741 36.6051,-119.7997 36.6051',
    caption = 'Kings River alluvial fan, outwash sequences',
    url = ''
  ),
  list(
    bb = '-121.6715 36.4873,-121.6715 36.6198,-121.4087 36.6198,-121.4087 36.4873,-121.6715 36.4873',
    caption = 'Salinas Valley, CA',
    url = ''
  ),
  list(
    bb = '-120.7047 37.5502,-120.7047 37.6808,-120.4419 37.6808,-120.4419 37.5502,-120.7047 37.5502',
    caption = 'Turlock Lake, CA',
    url = ''
  ),
  list(
    bb = '-121.3049 36.4195,-121.3049 36.5521,-121.0420 36.5521,-121.0420 36.4195,-121.3049 36.4195',
    caption = 'Pinnacles National Park, CA',
    url = ''
  ),
  list(
    bb = '-97.0010 30.7474,-97.0010 31.0306,-96.4754 31.0306,-96.4754 30.7474,-97.0010 30.7474',
    caption = 'TX331-TX395',
    url = ''
  ),
  list(
    bb = '-101.4026 34.4733,-101.4026 34.6082,-101.1056 34.6082,-101.1056 34.4733,-101.4026 34.4733',
    caption = 'TX045',
    url = 'https://casoilresource.lawr.ucdavis.edu/gmap/?loc=34.53435,-101.25026,z14'
  ),
  list(
    bb = '-102.2633 34.4032,-102.2633 34.5341,-102.0142 34.5341,-102.0142 34.4032,-102.2633 34.4032',
    caption = 'TX069',
    url = 'https://casoilresource.lawr.ucdavis.edu/gmap/?loc=34.47387,-102.12719,z13'
  )
)

names(x) <- sprintf("%02d", 1:length(x))
